120

RhoRE[1,1][1,2][2,1][2,2] 
0.5233424160408837
-0.06003696502097549
-0.06003696502097549
0.4766575839591163
RhoIM[1,1][1,2][2,1][2,2] 
0.0
-0.49583333333333335
0.49583333333333335
0.0

RhoRE[1,1][1,2][2,1][2,2] 
0.4766575839591163
0.06003696502097549
0.06003696502097549
0.5233424160408837
RhoIM[1,1][1,2][2,1][2,2] 
0.0
0.49583333333333335
-0.49583333333333335
0.0

RhoRE[1,1][1,2][2,1][2,2] 
0.40036524905885534
0.04915960135005258
0.04915960135005258
0.5996347509411446
RhoIM[1,1][1,2][2,1][2,2] 
0.0
-0.4875
0.4875
0.0

RhoRE[1,1][1,2][2,1][2,2] 
0.5996347509411446
-0.04915960135005258
-0.04915960135005258
0.4003652490588554
RhoIM[1,1][1,2][2,1][2,2] 
0.0
0.4875
-0.4875
0.0

RhoRE[1,1][1,2][2,1][2,2] 
0.6371337442582087
0.03992044264884557
0.03992044264884557
0.36286625574179143
RhoIM[1,1][1,2][2,1][2,2] 
0.0
-0.4791666666666667
0.4791666666666667
0.0

RhoRE[1,1][1,2][2,1][2,2] 
0.3628662557417913
-0.03992044264884557
-0.03992044264884557
0.6371337442582086
RhoIM[1,1][1,2][2,1][2,2] 
0.0
0.4791666666666667
-0.4791666666666667
0.0

RhoRE[1,1][1,2][2,1][2,2] 
0.4126359864892544
-0.14381759755160875
-0.14381759755160875
0.5873640135107455
RhoIM[1,1][1,2][2,1][2,2] 
0.0
-0.4708333333333333
0.4708333333333333
0.0

RhoRE[1,1][1,2][2,1][2,2] 
0.5873640135107455
0.14381759755160875
0.14381759755160875
0.4126359864892545
RhoIM[1,1][1,2][2,1][2,2] 
0.0
0.4708333333333333
-0.4708333333333333
0.0

RhoRE[1,1][1,2][2,1][2,2] 
0.46304967805856795
0.18635563771569805
0.18635563771569805
0.536950321941432
RhoIM[1,1][1,2][2,1][2,2] 
0.0
-0.4625
0.4625
0.0

RhoRE[1,1][1,2][2,1][2,2] 
0.536950321941432
-0.18635563771569805
-0.18635563771569805
0.46304967805856795
RhoIM[1,1][1,2][2,1][2,2] 
0.0
0.4625
-0.4625
0.0

RhoRE[1,1][1,2][2,1][2,2] 
0.6685543118076887
-0.12378240125286541
-0.12378240125286541
0.33144568819231146
RhoIM[1,1][1,2][2,1][2,2] 
0.0
-0.45416666666666666
0.45416666666666666
0.0

RhoRE[1,1][1,2][2,1][2,2] 
0.33144568819231135
0.12378240125286541
0.12378240125286541
0.6685543118076885
RhoIM[1,1][1,2][2,1][2,2] 
0.0
0.45416666666666666
-0.45416666666666666
0.0

RhoRE[1,1][1,2][2,1][2,2] 
0.2749774276759021
-0.024443421068562888
-0.024443421068562888
0.7250225723240977
RhoIM[1,1][1,2][2,1][2,2] 
0.0
-0.4458333333333333
0.4458333333333333
0.0

RhoRE[1,1][1,2][2,1][2,2] 
0.725022572324098
0.024443421068562888
0.024443421068562888
0.2749774276759022
RhoIM[1,1][1,2][2,1][2,2] 
0.0
0.4458333333333333
-0.4458333333333333
0.0

RhoRE[1,1][1,2][2,1][2,2] 
0.6597870876660438
0.18182914127060062
0.18182914127060062
0.3402129123339563
RhoIM[1,1][1,2][2,1][2,2] 
0.0
-0.4375
0.4375
0.0

RhoRE[1,1][1,2][2,1][2,2] 
0.34021291233395623
-0.18182914127060062
-0.18182914127060062
0.6597870876660437
RhoIM[1,1][1,2][2,1][2,2] 
0.0
0.4375
-0.4375
0.0

RhoRE[1,1][1,2][2,1][2,2] 
0.5053010982699799
-0.25649146297558173
-0.25649146297558173
0.49469890173002
RhoIM[1,1][1,2][2,1][2,2] 
0.0
-0.4291666666666667
0.4291666666666667
0.0

RhoRE[1,1][1,2][2,1][2,2] 
0.49469890173002
0.25649146297558173
0.25649146297558173
0.5053010982699799
RhoIM[1,1][1,2][2,1][2,2] 
0.0
0.4291666666666667
-0.4291666666666667
0.0

RhoRE[1,1][1,2][2,1][2,2] 
0.3135435959481474
0.1952775331255694
0.1952775331255694
0.6864564040518526
RhoIM[1,1][1,2][2,1][2,2] 
0.0
-0.42083333333333334
0.42083333333333334
0.0

RhoRE[1,1][1,2][2,1][2,2] 
0.6864564040518526
-0.1952775331255694
-0.1952775331255694
0.31354359594814746
RhoIM[1,1][1,2][2,1][2,2] 
0.0
0.42083333333333334
-0.42083333333333334
0.0

RhoRE[1,1][1,2][2,1][2,2] 
0.7819347871608906
-0.01888189049177555
-0.01888189049177555
0.21806521283910957
RhoIM[1,1][1,2][2,1][2,2] 
0.0
-0.4125
0.4125
0.0

RhoRE[1,1][1,2][2,1][2,2] 
0.21806521283910946
0.01888189049177555
0.01888189049177555
0.7819347871608904
RhoIM[1,1][1,2][2,1][2,2] 
0.0
0.4125
-0.4125
0.0

RhoRE[1,1][1,2][2,1][2,2] 
0.2701443781597472
-0.1838904528897198
-0.1838904528897198
0.7298556218402528
RhoIM[1,1][1,2][2,1][2,2] 
0.0
-0.4041666666666667
0.4041666666666667
0.0

RhoRE[1,1][1,2][2,1][2,2] 
0.7298556218402528
0.1838904528897198
0.1838904528897198
0.2701443781597473
RhoIM[1,1][1,2][2,1][2,2] 
0.0
0.4041666666666667
-0.4041666666666667
0.0

RhoRE[1,1][1,2][2,1][2,2] 
0.5469814829960956
0.30184219797389134
0.30184219797389134
0.4530185170039044
RhoIM[1,1][1,2][2,1][2,2] 
0.0
-0.3958333333333333
0.3958333333333333
0.0

RhoRE[1,1][1,2][2,1][2,2] 
0.4530185170039044
-0.30184219797389134
-0.30184219797389134
0.5469814829960956
RhoIM[1,1][1,2][2,1][2,2] 
0.0
0.3958333333333333
-0.3958333333333333
0.0

RhoRE[1,1][1,2][2,1][2,2] 
0.6750685063391568
-0.2630489841990966
-0.2630489841990966
0.3249314936608432
RhoIM[1,1][1,2][2,1][2,2] 
0.0
-0.3875
0.3875
0.0

RhoRE[1,1][1,2][2,1][2,2] 
0.3249314936608432
0.2630489841990966
0.2630489841990966
0.6750685063391568
RhoIM[1,1][1,2][2,1][2,2] 
0.0
0.3875
-0.3875
0.0

RhoRE[1,1][1,2][2,1][2,2] 
0.18355991977879677
0.07809170582390561
0.07809170582390561
0.8164400802212031
RhoIM[1,1][1,2][2,1][2,2] 
0.0
-0.37916666666666665
0.37916666666666665
0.0

RhoRE[1,1][1,2][2,1][2,2] 
0.8164400802212033
-0.07809170582390561
-0.07809170582390561
0.18355991977879688
RhoIM[1,1][1,2][2,1][2,2] 
0.0
0.37916666666666665
-0.37916666666666665
0.0

RhoRE[1,1][1,2][2,1][2,2] 
0.7943785784581638
0.1606981376178316
0.1606981376178316
0.2056214215418362
RhoIM[1,1][1,2][2,1][2,2] 
0.0
-0.37083333333333335
0.37083333333333335
0.0

RhoRE[1,1][1,2][2,1][2,2] 
0.2056214215418361
-0.1606981376178316
-0.1606981376178316
0.7943785784581638
RhoIM[1,1][1,2][2,1][2,2] 
0.0
0.37083333333333335
-0.37083333333333335
0.0

RhoRE[1,1][1,2][2,1][2,2] 
0.38857562464470835
-0.32585020880257703
-0.32585020880257703
0.6114243753552916
RhoIM[1,1][1,2][2,1][2,2] 
0.0
-0.3625
0.3625
0.0

RhoRE[1,1][1,2][2,1][2,2] 
0.6114243753552917
0.32585020880257703
0.32585020880257703
0.3885756246447084
RhoIM[1,1][1,2][2,1][2,2] 
0.0
0.3625
-0.3625
0.0

RhoRE[1,1][1,2][2,1][2,2] 
0.3586214421927868
0.3233853361155616
0.3233853361155616
0.6413785578072132
RhoIM[1,1][1,2][2,1][2,2] 
0.0
-0.35416666666666663
0.35416666666666663
0.0

RhoRE[1,1][1,2][2,1][2,2] 
0.6413785578072132
-0.3233853361155616
-0.3233853361155616
0.3586214421927868
RhoIM[1,1][1,2][2,1][2,2] 
0.0
0.35416666666666663
-0.35416666666666663
0.0

RhoRE[1,1][1,2][2,1][2,2] 
0.8301610703406259
-0.14626336925931885
-0.14626336925931885
0.1698389296593742
RhoIM[1,1][1,2][2,1][2,2] 
0.0
-0.3458333333333333
0.3458333333333333
0.0

RhoRE[1,1][1,2][2,1][2,2] 
0.16983892965937408
0.14626336925931885
0.14626336925931885
0.8301610703406258
RhoIM[1,1][1,2][2,1][2,2] 
0.0
0.3458333333333333
-0.3458333333333333
0.0

RhoRE[1,1][1,2][2,1][2,2] 
0.15035695951090344
-0.11765837937665144
-0.11765837937665144
0.8496430404890964
RhoIM[1,1][1,2][2,1][2,2] 
0.0
-0.3375
0.3375
0.0

RhoRE[1,1][1,2][2,1][2,2] 
0.8496430404890966
0.11765837937665144
0.11765837937665144
0.15035695951090355
RhoIM[1,1][1,2][2,1][2,2] 
0.0
0.3375
-0.3375
0.0

RhoRE[1,1][1,2][2,1][2,2] 
0.6819424263778286
0.3294635928889625
0.3294635928889625
0.3180575736221714
RhoIM[1,1][1,2][2,1][2,2] 
0.0
-0.32916666666666666
0.32916666666666666
0.0

RhoRE[1,1][1,2][2,1][2,2] 
0.31805757362217135
-0.3294635928889625
-0.3294635928889625
0.6819424263778286
RhoIM[1,1][1,2][2,1][2,2] 
0.0
0.32916666666666666
-0.32916666666666666
0.0

RhoRE[1,1][1,2][2,1][2,2] 
0.5900649523146352
-0.3727657127295706
-0.3727657127295706
0.4099350476853649
RhoIM[1,1][1,2][2,1][2,2] 
0.0
-0.3208333333333333
0.3208333333333333
0.0

RhoRE[1,1][1,2][2,1][2,2] 
0.4099350476853649
0.3727657127295706
0.3727657127295706
0.5900649523146351
RhoIM[1,1][1,2][2,1][2,2] 
0.0
0.3208333333333333
-0.3208333333333333
0.0

RhoRE[1,1][1,2][2,1][2,2] 
0.17612977760604986
0.21783440739812734
0.21783440739812734
0.82387022239395
RhoIM[1,1][1,2][2,1][2,2] 
0.0
-0.3125
0.3125
0.0

RhoRE[1,1][1,2][2,1][2,2] 
0.8238702223939501
-0.21783440739812734
-0.21783440739812734
0.17612977760604998
RhoIM[1,1][1,2][2,1][2,2] 
0.0
0.3125
-0.3125
0.0

RhoRE[1,1][1,2][2,1][2,2] 
0.8924124472638052
0.05911945636861213
0.05911945636861213
0.10758755273619502
RhoIM[1,1][1,2][2,1][2,2] 
0.0
-0.3041666666666667
0.3041666666666667
0.0

RhoRE[1,1][1,2][2,1][2,2] 
0.1075875527361948
-0.05911945636861213
-0.05911945636861213
0.892412447263805
RhoIM[1,1][1,2][2,1][2,2] 
0.0
0.3041666666666667
-0.3041666666666667
0.0

RhoRE[1,1][1,2][2,1][2,2] 
0.24665337745710708
-0.3135253223186253
-0.3135253223186253
0.7533466225428929
RhoIM[1,1][1,2][2,1][2,2] 
0.0
-0.29583333333333334
0.29583333333333334
0.0

RhoRE[1,1][1,2][2,1][2,2] 
0.7533466225428929
0.3135253223186253
0.3135253223186253
0.2466533774571072
RhoIM[1,1][1,2][2,1][2,2] 
0.0
0.29583333333333334
-0.29583333333333334
0.0

RhoRE[1,1][1,2][2,1][2,2] 
0.4746557820515174
0.40829085296707274
0.40829085296707274
0.5253442179484826
RhoIM[1,1][1,2][2,1][2,2] 
0.0
-0.2875
0.2875
0.0

RhoRE[1,1][1,2][2,1][2,2] 
0.5253442179484826
-0.40829085296707274
-0.40829085296707274
0.4746557820515174
RhoIM[1,1][1,2][2,1][2,2] 
0.0
0.2875
-0.2875
0.0

RhoRE[1,1][1,2][2,1][2,2] 
0.7986106251042271
-0.2879195491749128
-0.2879195491749128
0.20138937489577308
RhoIM[1,1][1,2][2,1][2,2] 
0.0
-0.2791666666666667
0.2791666666666667
0.0

RhoRE[1,1][1,2][2,1][2,2] 
0.20138937489577297
0.2879195491749128
0.2879195491749128
0.7986106251042269
RhoIM[1,1][1,2][2,1][2,2] 
0.0
0.2791666666666667
-0.2791666666666667
0.0

RhoRE[1,1][1,2][2,1][2,2] 
0.07984041620088439
0.010734509644581138
0.010734509644581138
0.9201595837991154
RhoIM[1,1][1,2][2,1][2,2] 
0.0
-0.27083333333333337
0.27083333333333337
0.0

RhoRE[1,1][1,2][2,1][2,2] 
0.9201595837991157
-0.010734509644581138
-0.010734509644581138
0.07984041620088461
RhoIM[1,1][1,2][2,1][2,2] 
0.0
0.27083333333333337
-0.27083333333333337
0.0

RhoRE[1,1][1,2][2,1][2,2] 
0.821027494713307
0.279347628660237
0.279347628660237
0.17897250528669306
RhoIM[1,1][1,2][2,1][2,2] 
0.0
-0.2625
0.2625
0.0

RhoRE[1,1][1,2][2,1][2,2] 
0.17897250528669295
-0.279347628660237
-0.279347628660237
0.8210274947133069
RhoIM[1,1][1,2][2,1][2,2] 
0.0
0.2625
-0.2625
0.0

RhoRE[1,1][1,2][2,1][2,2] 
0.4514134479013654
-0.4278301678361663
-0.4278301678361663
0.5485865520986346
RhoIM[1,1][1,2][2,1][2,2] 
0.0
-0.25416666666666665
0.25416666666666665
0.0

RhoRE[1,1][1,2][2,1][2,2] 
0.5485865520986346
0.4278301678361663
0.4278301678361663
0.4514134479013654
RhoIM[1,1][1,2][2,1][2,2] 
0.0
0.25416666666666665
-0.25416666666666665
0.0

RhoRE[1,1][1,2][2,1][2,2] 
0.2440020312611329
0.3521803688790678
0.3521803688790678
0.7559979687388669
RhoIM[1,1][1,2][2,1][2,2] 
0.0
-0.2458333333333333
0.2458333333333333
0.0

RhoRE[1,1][1,2][2,1][2,2] 
0.7559979687388672
-0.3521803688790678
-0.3521803688790678
0.244002031261133
RhoIM[1,1][1,2][2,1][2,2] 
0.0
0.2458333333333333
-0.2458333333333333
0.0

RhoRE[1,1][1,2][2,1][2,2] 
0.9311682254477127
-0.08767959491392742
-0.08767959491392742
0.06883177455228745
RhoIM[1,1][1,2][2,1][2,2] 
0.0
-0.23750000000000004
0.23750000000000004
0.0

RhoRE[1,1][1,2][2,1][2,2] 
0.06883177455228723
0.08767959491392742
0.08767959491392742
0.9311682254477125
RhoIM[1,1][1,2][2,1][2,2] 
0.0
0.23750000000000004
-0.23750000000000004
0.0

RhoRE[1,1][1,2][2,1][2,2] 
0.11907394861713266
-0.2288623653350328
-0.2288623653350328
0.8809260513828672
RhoIM[1,1][1,2][2,1][2,2] 
0.0
-0.22916666666666674
0.22916666666666674
0.0

RhoRE[1,1][1,2][2,1][2,2] 
0.8809260513828674
0.2288623653350328
0.2288623653350328
0.11907394861713289
RhoIM[1,1][1,2][2,1][2,2] 
0.0
0.22916666666666674
-0.22916666666666674
0.0

RhoRE[1,1][1,2][2,1][2,2] 
0.6274821186950665
0.4300941156327367
0.4300941156327367
0.3725178813049336
RhoIM[1,1][1,2][2,1][2,2] 
0.0
-0.22083333333333335
0.22083333333333335
0.0

RhoRE[1,1][1,2][2,1][2,2] 
0.3725178813049335
-0.4300941156327367
-0.4300941156327367
0.6274821186950664
RhoIM[1,1][1,2][2,1][2,2] 
0.0
0.22083333333333335
-0.22083333333333335
0.0

RhoRE[1,1][1,2][2,1][2,2] 
0.6982785124068583
-0.4068530220088372
-0.4068530220088372
0.30172148759314177
RhoIM[1,1][1,2][2,1][2,2] 
0.0
-0.2125
0.2125
0.0

RhoRE[1,1][1,2][2,1][2,2] 
0.30172148759314166
0.4068530220088372
0.4068530220088372
0.6982785124068582
RhoIM[1,1][1,2][2,1][2,2] 
0.0
0.2125
-0.2125
0.0

RhoRE[1,1][1,2][2,1][2,2] 
0.07541697232689387
0.16746708582333644
0.16746708582333644
0.924583027673106
RhoIM[1,1][1,2][2,1][2,2] 
0.0
-0.20416666666666664
0.20416666666666664
0.0

RhoRE[1,1][1,2][2,1][2,2] 
0.9245830276731062
-0.16746708582333644
-0.16746708582333644
0.0754169723268941
RhoIM[1,1][1,2][2,1][2,2] 
0.0
0.20416666666666664
-0.20416666666666664
0.0

RhoRE[1,1][1,2][2,1][2,2] 
0.9295930271044359
0.16461815397702326
0.16461815397702326
0.07040697289556425
RhoIM[1,1][1,2][2,1][2,2] 
0.0
-0.19583333333333341
0.19583333333333341
0.0

RhoRE[1,1][1,2][2,1][2,2] 
0.07040697289556402
-0.16461815397702326
-0.16461815397702326
0.9295930271044357
RhoIM[1,1][1,2][2,1][2,2] 
0.0
0.19583333333333341
-0.19583333333333341
0.0

RhoRE[1,1][1,2][2,1][2,2] 
0.29288389806328974
-0.4146645274418132
-0.4146645274418132
0.7071161019367102
RhoIM[1,1][1,2][2,1][2,2] 
0.0
-0.18749999999999994
0.18749999999999994
0.0

RhoRE[1,1][1,2][2,1][2,2] 
0.7071161019367103
0.4146645274418132
0.4146645274418132
0.29288389806328985
RhoIM[1,1][1,2][2,1][2,2] 
0.0
0.18749999999999994
-0.18749999999999994
0.0

RhoRE[1,1][1,2][2,1][2,2] 
0.37171648234219784
0.44882362310031754
0.44882362310031754
0.6282835176578021
RhoIM[1,1][1,2][2,1][2,2] 
0.0
-0.17916666666666667
0.17916666666666667
0.0

RhoRE[1,1][1,2][2,1][2,2] 
0.6282835176578021
-0.44882362310031754
-0.44882362310031754
0.3717164823421979
RhoIM[1,1][1,2][2,1][2,2] 
0.0
0.17916666666666667
-0.17916666666666667
0.0

RhoRE[1,1][1,2][2,1][2,2] 
0.9004215666798036
-0.2459238523606727
-0.2459238523606727
0.09957843332019667
RhoIM[1,1][1,2][2,1][2,2] 
0.0
-0.17083333333333334
0.17083333333333334
0.0

RhoRE[1,1][1,2][2,1][2,2] 
0.09957843332019645
0.2459238523606727
0.2459238523606727
0.9004215666798033
RhoIM[1,1][1,2][2,1][2,2] 
0.0
0.17083333333333334
-0.17083333333333334
0.0

RhoRE[1,1][1,2][2,1][2,2] 
0.03572951877900282
-0.08970323442788365
-0.08970323442788365
0.964270481220997
RhoIM[1,1][1,2][2,1][2,2] 
0.0
-0.16249999999999995
0.16249999999999995
0.0

RhoRE[1,1][1,2][2,1][2,2] 
0.9642704812209972
0.08970323442788365
0.08970323442788365
0.035729518779003044
RhoIM[1,1][1,2][2,1][2,2] 
0.0
0.16249999999999995
-0.16249999999999995
0.0

RhoRE[1,1][1,2][2,1][2,2] 
0.783402662038895
0.3819889658591683
0.3819889658591683
0.21659733796110514
RhoIM[1,1][1,2][2,1][2,2] 
0.0
-0.1541666666666667
0.1541666666666667
0.0

RhoRE[1,1][1,2][2,1][2,2] 
0.21659733796110503
-0.3819889658591683
-0.3819889658591683
0.7834026620388949
RhoIM[1,1][1,2][2,1][2,2] 
0.0
0.1541666666666667
-0.1541666666666667
0.0

RhoRE[1,1][1,2][2,1][2,2] 
0.5493278481863829
-0.4757093674526392
-0.4757093674526392
0.45067215181361714
RhoIM[1,1][1,2][2,1][2,2] 
0.0
-0.14583333333333331
0.14583333333333331
0.0

RhoRE[1,1][1,2][2,1][2,2] 
0.45067215181361714
0.4757093674526392
0.4757093674526392
0.5493278481863828
RhoIM[1,1][1,2][2,1][2,2] 
0.0
0.14583333333333331
-0.14583333333333331
0.0

RhoRE[1,1][1,2][2,1][2,2] 
0.14044861484438842
0.31908705933127574
0.31908705933127574
0.8595513851556115
RhoIM[1,1][1,2][2,1][2,2] 
0.0
-0.13750000000000004
0.13750000000000004
0.0

RhoRE[1,1][1,2][2,1][2,2] 
0.8595513851556116
-0.31908705933127574
-0.31908705933127574
0.14044861484438853
RhoIM[1,1][1,2][2,1][2,2] 
0.0
0.13750000000000004
-0.13750000000000004
0.0

RhoRE[1,1][1,2][2,1][2,2] 
0.9829677334454844
0.007625003131400735
0.007625003131400735
0.01703226655451584
RhoIM[1,1][1,2][2,1][2,2] 
0.0
-0.1291666666666667
0.1291666666666667
0.0

RhoRE[1,1][1,2][2,1][2,2] 
0.017032266554515618
-0.007625003131400735
-0.007625003131400735
0.9829677334454842
RhoIM[1,1][1,2][2,1][2,2] 
0.0
0.1291666666666667
-0.1291666666666667
0.0

RhoRE[1,1][1,2][2,1][2,2] 
0.1474617540792525
-0.3333408026609976
-0.3333408026609976
0.8525382459207473
RhoIM[1,1][1,2][2,1][2,2] 
0.0
-0.12083333333333333
0.12083333333333333
0.0

RhoRE[1,1][1,2][2,1][2,2] 
0.8525382459207476
0.3333408026609976
0.3333408026609976
0.1474617540792526
RhoIM[1,1][1,2][2,1][2,2] 
0.0
0.12083333333333333
-0.12083333333333333
0.0

RhoRE[1,1][1,2][2,1][2,2] 
0.5349256126823504
0.48592587045635105
0.48592587045635105
0.4650743873176496
RhoIM[1,1][1,2][2,1][2,2] 
0.0
-0.11249999999999999
0.11249999999999999
0.0

RhoRE[1,1][1,2][2,1][2,2] 
0.4650743873176496
-0.48592587045635105
-0.48592587045635105
0.5349256126823504
RhoIM[1,1][1,2][2,1][2,2] 
0.0
0.11249999999999999
-0.11249999999999999
0.0

RhoRE[1,1][1,2][2,1][2,2] 
0.8036335237972634
-0.38334839086920947
-0.38334839086920947
0.19636647620273667
RhoIM[1,1][1,2][2,1][2,2] 
0.0
-0.10416666666666669
0.10416666666666669
0.0

RhoRE[1,1][1,2][2,1][2,2] 
0.19636647620273656
0.38334839086920947
0.38334839086920947
0.8036335237972634
RhoIM[1,1][1,2][2,1][2,2] 
0.0
0.10416666666666669
-0.10416666666666669
0.0

RhoRE[1,1][1,2][2,1][2,2] 
0.015482408459074393
0.07783749552499201
0.07783749552499201
0.9845175915409254
RhoIM[1,1][1,2][2,1][2,2] 
0.0
-0.09583333333333328
0.09583333333333328
0.0

RhoRE[1,1][1,2][2,1][2,2] 
0.9845175915409257
-0.07783749552499201
-0.07783749552499201
0.015482408459074615
RhoIM[1,1][1,2][2,1][2,2] 
0.0
0.09583333333333328
-0.09583333333333328
0.0

RhoRE[1,1][1,2][2,1][2,2] 
0.911144678916
0.2707467506712856
0.2707467506712856
0.08885532108400013
RhoIM[1,1][1,2][2,1][2,2] 
0.0
-0.08749999999999997
0.08749999999999997
0.0

RhoRE[1,1][1,2][2,1][2,2] 
0.0888553210839999
-0.2707467506712856
-0.2707467506712856
0.9111446789159998
RhoIM[1,1][1,2][2,1][2,2] 
0.0
0.08749999999999997
-0.08749999999999997
0.0

RhoRE[1,1][1,2][2,1][2,2] 
0.3793773418802061
-0.4787304181238165
-0.4787304181238165
0.6206226581197938
RhoIM[1,1][1,2][2,1][2,2] 
0.0
-0.0791666666666667
0.0791666666666667
0.0

RhoRE[1,1][1,2][2,1][2,2] 
0.6206226581197939
0.4787304181238165
0.4787304181238165
0.37937734188020616
RhoIM[1,1][1,2][2,1][2,2] 
0.0
0.0791666666666667
-0.0791666666666667
0.0

RhoRE[1,1][1,2][2,1][2,2] 
0.2649652553233927
0.43559305284140026
0.43559305284140026
0.7350347446766072
RhoIM[1,1][1,2][2,1][2,2] 
0.0
-0.07083333333333337
0.07083333333333337
0.0

RhoRE[1,1][1,2][2,1][2,2] 
0.7350347446766072
-0.43559305284140026
-0.43559305284140026
0.2649652553233928
RhoIM[1,1][1,2][2,1][2,2] 
0.0
0.07083333333333337
-0.07083333333333337
0.0

RhoRE[1,1][1,2][2,1][2,2] 
0.9686052565106809
-0.16279700111045983
-0.16279700111045983
0.03139474348931931
RhoIM[1,1][1,2][2,1][2,2] 
0.0
-0.062499999999999944
0.062499999999999944
0.0

RhoRE[1,1][1,2][2,1][2,2] 
0.03139474348931909
0.16279700111045983
0.16279700111045983
0.9686052565106806
RhoIM[1,1][1,2][2,1][2,2] 
0.0
0.062499999999999944
-0.062499999999999944
0.0

RhoRE[1,1][1,2][2,1][2,2] 
0.04359840198743514
-0.19688461990160505
-0.19688461990160505
0.9564015980125646
RhoIM[1,1][1,2][2,1][2,2] 
0.0
-0.05416666666666669
0.05416666666666669
0.0

RhoRE[1,1][1,2][2,1][2,2] 
0.9564015980125649
0.19688461990160505
0.19688461990160505
0.043598401987435365
RhoIM[1,1][1,2][2,1][2,2] 
0.0
0.05416666666666669
-0.05416666666666669
0.0

RhoRE[1,1][1,2][2,1][2,2] 
0.7038856619017818
0.45423555830254847
0.45423555830254847
0.2961143380982183
RhoIM[1,1][1,2][2,1][2,2] 
0.0
-0.04583333333333335
0.04583333333333335
0.0

RhoRE[1,1][1,2][2,1][2,2] 
0.2961143380982182
-0.45423555830254847
-0.45423555830254847
0.7038856619017817
RhoIM[1,1][1,2][2,1][2,2] 
0.0
0.04583333333333335
-0.04583333333333335
0.0

RhoRE[1,1][1,2][2,1][2,2] 
0.6567118087740533
-0.473323524653872
-0.473323524653872
0.3432881912259468
RhoIM[1,1][1,2][2,1][2,2] 
0.0
-0.03749999999999994
0.03749999999999994
0.0

RhoRE[1,1][1,2][2,1][2,2] 
0.3432881912259467
0.473323524653872
0.473323524653872
0.6567118087740532
RhoIM[1,1][1,2][2,1][2,2] 
0.0
0.03749999999999994
-0.03749999999999994
0.0

RhoRE[1,1][1,2][2,1][2,2] 
0.06423403369517638
0.2434282813601965
0.2434282813601965
0.9357659663048234
RhoIM[1,1][1,2][2,1][2,2] 
0.0
-0.029166666666666723
0.029166666666666723
0.0

RhoRE[1,1][1,2][2,1][2,2] 
0.9357659663048237
-0.2434282813601965
-0.2434282813601965
0.0642340336951766
RhoIM[1,1][1,2][2,1][2,2] 
0.0
0.029166666666666723
-0.029166666666666723
0.0

RhoRE[1,1][1,2][2,1][2,2] 
0.9861597102923537
0.11495524481587191
0.11495524481587191
0.013840289707646503
RhoIM[1,1][1,2][2,1][2,2] 
0.0
-0.020833333333333332
0.020833333333333332
0.0

RhoRE[1,1][1,2][2,1][2,2] 
0.01384028970764628
-0.11495524481587191
-0.11495524481587191
0.9861597102923535
RhoIM[1,1][1,2][2,1][2,2] 
0.0
0.020833333333333332
-0.020833333333333332
0.0

RhoRE[1,1][1,2][2,1][2,2] 
0.21901586864215078
-0.4133904545645376
-0.4133904545645376
0.7809841313578492
RhoIM[1,1][1,2][2,1][2,2] 
0.0
-0.01249999999999997
0.01249999999999997
0.0

RhoRE[1,1][1,2][2,1][2,2] 
0.7809841313578492
0.4133904545645376
0.4133904545645376
0.2190158686421509
RhoIM[1,1][1,2][2,1][2,2] 
0.0
0.01249999999999997
-0.01249999999999997
0.0

RhoRE[1,1][1,2][2,1][2,2] 
0.4279276896401483
0.49476077145250924
0.49476077145250924
0.5720723103598516
RhoIM[1,1][1,2][2,1][2,2] 
0.0
-0.0041666666666667004
0.0041666666666667004
0.0

RhoRE[1,1][1,2][2,1][2,2] 
0.5720723103598517
-0.49476077145250924
-0.49476077145250924
0.4279276896401483
RhoIM[1,1][1,2][2,1][2,2] 
0.0
0.0041666666666667004
-0.0041666666666667004
0.0
